.0147,.0147,.6656,.6656,.6656,.0546,.0083,.0362,2.3002,.3878,.031,.06,.0858,.9504,.2894,.9492
1.734,1.734,.246,.246,.246,.445,.0083,.1678,2.2818,.3942,.023,.0666,.0724,1.412,.142,.174
1.1998,1.1998,.305,.305,.305,.4574,.0083,.2044,1.8568,.3996,.0234,.0554,.0636,1.8746,.07,.1282
.7356,.7356,2.0226,2.0226,2.0226,.2076,.0083,.2312,1.246,.6648,.0254,.192,.06,1.085,.143,.1116
2.1242,2.1242,2.444,2.444,2.444,.312,.0083,2.1156,2.1914,.5218,.0268,.2942,.0584,1.1798,.154,.1792
1.2078,1.2078,6.7014,6.7014,6.7014,1.9022,.0083,.9024,1.5766,.4188,.0194,.2574,.0548,1.3518,.0872,.1704
2.5392,2.5392,6.0148,6.0148,6.0148,.2352,.0083,.135,1.776,.7694,.0208,.1716,.0544,1.7168,.0446,.0726
4.795,4.795,2.9588,2.9588,2.9588,.2198,.0083,.3574,1.9446,1.3156,.0172,.48,.0538,1.2102,.0534,.0536
1.523,1.523,1.9576,1.9576,1.9576,.1614,.0083,.0634,1.4508,.978,.0156,.2502,.0516,1.6498,.1282,.1528
2.3914,2.3914,2.7434,2.7434,2.7434,.4372,.0083,1.4424,3.904,.9184,.0276,1.1302,.054,.5476,.1672,.197
1.72,1.72,1.2632,1.2632,1.2632,.4364,.0083,.6644,3.8286,1.64,.0178,.1192,.0588,1.2482,.0652,.305
.7998,.7998,3.128,3.128,3.128,.4806,.0083,1.867,3.6618,1.0696,.0148,.0886,.057,.9366,.0416,.0528
.7298,.7298,3.396,3.396,3.396,.2628,.0083,1.365,.2338,.531,.0238,.0814,.0576,1.0762,.0424,.0518
1.615,1.615,5.9798,5.9798,5.9798,.6436,.0527,.8422,.1838,.7532,.0264,.2244,.0556,.0444,.0422,.0516
.9356,.9356,1.6826,1.6826,1.6826,.2244,.0682,.1962,.178,.3888,.186,.2382,.0514,.3244,.0418,.0502
.2342,.2342,1.1232,1.1232,1.1232,.1762,.083,.5972,.225,.0476,.0232,.1312,.0542,.8566,.091,.0774
1.6504,1.6504,3.6584,3.6584,3.6584,.1844,.1238,.2326,.1096,.0368,.0206,.089,.052,.9604,.8174,1.796
2.5036,2.5036,5.4654,5.4654,5.4654,.339,1.248,.4012,.373,.034,.0122,.091,.0534,.562,.9244,1.6276
.3168,.3168,5.7474,5.7474,5.7474,.2222,1.8172,3.1778,.1552,.0326,.0128,.0902,.0544,1.339,1.0352,1.905
.7164,.7164,4.5298,4.5298,4.5298,.136,1.552,3.0108,.6516,.0978,.0182,.0888,.0554,.608,1.2896,2.1652
2.3794,2.3794,3.6198,3.6198,3.6198,.147,6.1518,.085,.0866,.5368,.0326,.2878,.0558,.1204,1.6156,2.019
2.4296,2.4296,1.016,1.016,1.016,.2028,.3968,.1678,.2846,.7278,.0274,.2456,.0562,1,1.0084,1.5822
.936,.936,.9926,.9926,.9926,.2442,1.0224,.1614,.1612,.8616,.0834,.4138,.0556,1.1872,.586,1.2838
1.0264,1.0264,.5608,.5608,.5608,.4538,1.9866,.1666,.1706,.8116,.425,.1562,.0584,1.1084,1.114,2.49
.9948,.9948,1.6254,1.6254,1.6254,.2412,.2592,.1358,.139,1.148,.0452,.4666,.0586,.7528,2.4482,1.5492
.7148,.7148,3.1598,3.1598,3.1598,.2454,.0526,.1488,.1026,.5964,.136,.5312,.0608,1.3696,1.2526,1.511
2.1402,2.1402,3.5194,3.5194,3.5194,.1306,.042,.1178,.0642,.2504,.0738,.224,.0584,.8184,1.7804,1.4738
.0147,.0147,3.4904,3.4904,3.4904,.104,.0364,.0724,.1216,.0234,.044,.104,.05,.0242,.119,.958
.0147,.0147,4.3406,4.3406,4.3406,.031,.0468,.0118,.1306,.0034,.027,.037,.0418,.025,.0656,.1428
.0147,.0147,4.3314,.0243,4.3314,.6398,.0606,1.6286,.304,.0028,.4578,.0088,.0478,.027,.0528,2.1612
.0147,.0147,.0243,.0243,5.7168,.2884,.0468,.4502,.1816,.0082,.5006,.0088,.0364,.0246,.0526,.1782
.0147,.0147,.0243,.0243,1.4256,.0322,.0306,.0124,.177,.008,.4792,.0088,.035,.0262,.0456,.0828
.0147,.0147,.0243,.0243,1.2534,.0286,1.8626,.0108,.1714,.0118,.5522,.0088,.0342,.026,.0432,.1922
.0147,.0147,.0243,.0243,.684,.3512,6.3354,.5894,.1738,.0296,1.2458,.0088,.0326,.0288,.0412,.1274
.0147,.0147,.0243,.0243,.7278,2.6936,2.5266,2.9602,.168,.0202,.8452,.0088,.037,.0286,.0378,.1018
.0147,.0147,.0243,.0243,10.4108,.5596,.5458,.542,.167,.0378,.0462,.0088,.0606,.0266,.0358,2.099
.0147,.0147,.0243,.0243,3.1888,.1438,5.7422,.124,.1622,.0416,.0108,.0088,.072,.0266,.0338,.5836
.0147,.0147,.0243,.0243,4.5366,.4608,5.7388,.964,.1546,.0426,.0116,.0088,.068,.0354,.0602,.0982
.0147,.0147,1.636,1.636,1.636,.8358,.8392,.8698,.1476,.034,.0092,.0088,.0547,.042,.226,.0356
.0147,.0147,1.4268,1.4268,1.4268,.0752,.0656,.0686,.0844,.0298,.007,.062,.0516,.6134,1.0844,.057
.0147,.0147,1.5362,1.5362,1.5362,2.503,.1602,.0814,.1118,.0238,.0076,.0632,.0496,.8134,2.1394,.9284
.438,.0147,2.142,2.142,2.142,.1586,6.3048,.1246,.1124,.0592,.0092,.112,.0566,2.8224,1.3146,1.6252
.2916,.2196,1.5392,1.5392,1.5392,.5856,6.7592,.348,.4494,.1966,.0328,.3874,.0528,3.7142,1.1886,1.9456
1.9228,1.9228,1.7402,1.7402,1.7402,1.4098,3.6594,.5926,.1492,.1096,.0718,.4632,.0552,2.0182,1.3114,2.803
2.5638,2.5638,2.2954,2.2954,2.2954,.6396,18.0938,.4788,.2192,.4154,.0544,.4026,.0606,.9066,2.35,3.4306
2.7346,2.7346,1.5846,1.5846,1.5846,.4486,15.4458,.665,.3524,.2204,.0998,.3618,.0654,1.1704,1.655,2.8528
2.471,2.471,1.6556,1.6556,1.6556,.4832,1.4388,.3574,.2544,15.2574,.1042,.0616,.0696,.2556,1.0724,1.9934
1.5138,1.5138,1.158,1.158,1.158,.3754,2.4632,.418,.1886,10.168,.2118,.064,.0728,.9382,1.7624,4.6738
1.1676,1.1676,1.216,1.216,1.216,.6394,3.3494,.6314,.0936,.0458,.1374,.073,.0758,1.18,1.684,2.827
1.1908,1.1908,2.6554,2.6554,2.6554,.8326,.8076,.906,.0484,.0922,.0598,.074,.0768,.656,1.1762,1.3768
1.3582,1.3582,1.2198,1.2198,1.2198,.7542,.028,.697,.1182,35.086,.0192,.0832,.0788,.7428,3.3954,.384
1.939,1.939,1.0596,1.0596,1.0596,.9504,.9376,1.0324,.0672,.0758,.1604,.543,.0464,1.12,2.1294,2.2836
1.561,1.561,1.297,1.297,1.297,.6144,10.3584,4.4356,.3424,.0674,.125,.5846,.0392,.753,1.8912,.6526
1.0076,1.0076,2.9254,2.9254,2.9254,.4328,38.0598,.4696,.4692,.0722,.0216,.5542,.044,.9768,1.1898,2.0096
1.0858,1.0858,9.5222,9.5222,9.5222,.3086,2.5426,.2184,.1902,.0698,.0178,.4232,.0422,1.0248,.9322,.2418
1.1592,1.1592,.2532,.2532,.2532,.3036,21.4528,.344,.007,.0706,.0174,.1348,.04,.706,.7688,1.5318
