86.57,95.313333333,53.504,15.462,94.405,28.87,13.176666667,63.303333333,47.815,78.968,19.23,28.814,34.372,37.762,138.81,120.975,172.5,121.95
85.416,56.86,2.744,17.556,80.445,10.5,11.672,57.3175,47.815,87.22,16.394,35.792,36.88,56.132,131.75,121.78333333,158.72,124.52
111.66,91.434,6.03266666666667,14.054,72.12,18.8,11.682,72.998,47.815,43.084,18.574,57.536,27.058,48.705,116.7675,143.04,153.8,133.3
102.2,80.075,9.32133333333333,16.504,106.27666667,35.238,16.786666667,69.268,33.652,32.106,12.666,58.428,31.47,26.734,101.785,117.105,150.82,123.1
88.752,83.936,12.61,12.6125,117.7375,29.368,10.13825,52.482,28.038,31.845,17.228,27.278,24.83,28.22,103.86,115.92,172.86,118.16666667
54.418,89.918,31.41575,11.08,73.89,26.465,11.182,55.296,27.182,69.735,12.506,30.002,22.556,23.532,129,111.12,165.96,106.825
74.916,81.4,50.2215,19.254,96.21,33.9875,11.164,39.774,27.29,60.084,15.992,21.178,25.374,23.896,56.384,112.942,128.52,115.14
48.408,71.682,31.296666667,9.5202,45.484,26.348,13.622,59.728,34.822,49.188,15.642,28.898,22.308,32.182,67.71,92.844,119.84,115.218
55.99,77.95,30.7225,8.864,36.676,25.72,12.526,46.864,24.744,50.864,10.4694,23.992,23.044,21.844,88.176,82.4,133.98,113.946
53.848,53.346,45.942,8.7654,69.336,35.6475,21.0872,52.514,27.714,56.808,9.9252,17.068,21.408,19.14,117.39333333,80.65,111.18,109.2
45.535,52.414,16.362,10.539,34.62,31.936,13.13,44.358,22.646,60.716,11.2818,15.97,20.706,21.702,66.935,66.778,116.734,98.08
49.328,75.635,10.6888,10.388,39.34,25.642,11.22525,29.676,26.386,58.764,11.716,18.936,24.29,20.136,53.862,76.984,100.424,101.604
66.701666667,56.844,9.781,17.554,60.0183333335,22.286,13.950125,31.066,22.208,53.662,15.064,17.222,20.196,18.136,50.798,67.888,108.144,99.064
83.81,69.265,9.9426666667,10.8074,80.696666667,22.991333333,16.675,33.468,20.042,35.176,13.782,19.666,23.406,20.308,72.202,58.196,129.26,107.82
63.594,42.626,10.2728,10.0196,85.71,29.708,8.8368,40.5,24.636,45.596,21.422,14.198,19.064,18.732,44.422,49.94,135.12,102.67
42.318333333,35.764,9.6502,13.9775,67.09,33.434,10.1018,32.014,32.194,43.298,24.814,15.25,20.252,15.22,52.033333333,63.585,112.4,180.88
50.076666667,33.456,63.498,11.83,63.8183333335,21.7875,9.7202,38.276,18.596,36.934,12.242,15.462,17.878,16.906,62.588,64.295,104.49,160.1
46.928,33.448,20.598,19.286,60.546666667,30.728,9.5706,26.914,38.146,41.612,11.692,21.43,20.504,17.274,47.468,43.443333333,119.72,165.42
48.335,27.822,58.4,14.3065,56.8645833335,20.803333333,9.5116,27.176,71.268,30.496,11.542,15.59,24.23,22.738,43.748,32.99,68.674,159.52
44.8925,30.316,24.224,23.125,53.1825,14.43,14.006,32.952,55.724,30.708,10.779,17.764,21.134,18.876,57.624,37.605,120.1,155.72
34.316,28.896,45.5225,17.62,28.3925,23.9942,8.9652,25.384,29.058,35.984,17.306,14.656,21.704,20.56,65.578,32.686666667,111.54,149.42
35.693333333,27.244,11.894,20.929,26.944,18.552,9.4634,34.555,22.966,34.598,18.7444,28.79,19.476,20.138,72.816,30.196,102.66,151.56
31.5025,28.158,10.254,24.238,28.824,18.248,9.3406,32.83,23.912,31.65,15.824,15.784,23.002,30.99,69.2025,43.322,104.538,115.15
51.36,28.074,10.7455,27.547,45.714,17.614,9.4642,24.516,23.266,29.278,15.816,14.716,17.744,26.81,87.267916665,56.8325,138.22,133
84.75,25.954,11.41275,30.856,47.572,19.71,15.631,24.508,20.376,27.636,12.81,17.188,18.398,13.552,105.33333333,78.986,116.35,155.2
18.77,22.726,12.08,34.165,27.148,23.145,37.734,31.598,19.97,24.098,11.998,14.16,18.984,13.882,66.11,49.178,126.4,149.76
18.225,21.97,9.5755,71.965,22.732,17.372,43.488,35.452,19.034,20.092,12.186,15.968,21.5,13.28,62.602,54.282,133.52,138.38
69.77,21.48,10.027,13.68,22.892,16.992,11.302,29.912,18.592,20.362,11.954,13.742,19.436,17.732,81.3275,42.474,135.96,114.802
20.78,24.992,8.7312,21.72,26.404,17.5375,11.928,33.938,19.54,19.824,34.94,19.718,16.658,14.752,72.56125,38.798,108.7,137.48
48.27,23.584,41.4308,29.76,22.198,17.518,12.2,28.774,18.032,19.984,18.376,16.746,24.002,14.92,63.795,27.958333333,101.181666666667,120.24
75.76,17.124,38.324,40.9313333333333,64.448,22.962,14.064,29.17,19.674,18.396,13.656,27.505,17.506,15.696,52.356,34.732,93.6633333333333,114.26
17.1685,18.396,14.3354,52.1026666666667,73.114,21.956,15.974,27.894,33.396,17.578,14.87,16.915,19.108,15.552,96.97,34.8825,86.145,95.428
31.1675,15.034,41.82,63.274,22.796,29.524,10.962,25.868,31.512,39.244,31.298,11.94,17.022,20.582,83.233333333,27.63,88.9275,89.222
15.258,13.622,42.626,25.745,33.042,17.584,11.584,34.523333333,26.85,54.418,18.374,18.664,18.352,23.78,60.706666667,29.205,111.93,113.878
19.684,19.12,23.6268,20.07,21.712,15.69,11.312,25.6,22.064,49.938,11.82,13.43,17.478,16.948,28.016,24.516,96.36,90.732
11.83,14.148,35.994,16.69,20.214,14.982,15.895,22.99,20.348,35.534,10.2452,26.833333333,16.406,14.528,49.7075,26.4,129.28,78.452
12,17.456,20.08,23.082,28.274,32.872,14.205,22.988,19.684,23.398,11.2558,13.1875,17.758,14.68,74.793333333,24.251666667,107.488,59.322
14.92,16.345,42.27,48.575,20.588,19.324,13.6978,22.76,21.022,22.848,20.4928,16.192,16.784,15.26,45.916666667,20.715,103.996,88.734
20.104,22.2425,21.695,52.435,33.248,15.834,11.364,23.162,20.614,15.282,30.47,17.136,14.128,14.736,58.948,27.652,84.344,94.832
12.03,28.14,10.8544,25.82,27.862,24.026,10.78,21.546,23.09,20.568,21.892,15.206,19.282,13.79,76.2,26.048,64.02,102.49
10.7374,23.75,17.437,59.06,19.104,19.622,11.01,26.29,20.74,18.274,20.342,24.752,16.076,14.196,55.35,29.7,58.214,71.916
10.0728,19.36,18.27,83.71,17.614,14.986,10.4884,24.78,21.0275,14.676,21.046,30.042,17.266,16.884,50.85,23.47,102.48,51.464
12.249,18.6725,8.979,37.05,20.9,19.322,10.3748,21.811666667,29.162,15.854,38.518,18.984,13.858,27.36,54.554,23.728333333,118.6,30.468
12.028,23.075,11.3978,53.525,26.393333333,21.0928,17.446,23.31,23.334,20.236,23.514,13.89,24.022,33.9,27.292,29.51,105.682,44.01
11.952,20.7425,11.3102,51.28,18.92,20.936,11.7494,24.002,30.65,16.782,14.534,14.924,15.822,15.114,44.432,38.328,98.818,56.572
10.6444,18.41,9.2948,94.34,23.915,17.026,11.18,31.331666667,17.235,20.322,14.99,15.754,15.492,19.316,41.68,24.218,101.312,51.808
11.872,20.05,8.92,11.115,28.91,24.388,10.884,48.22,19.496,13.144,18.704,13.306,15.67,13.64,49.71,21.192,82.998,34.653333333
14.122,16.114,8.6144,23.734,61.055,17.288,11.064,22.29,19.094,12.062,19.648,13.298,15.506,21.148,53.575,24.6025,78.566,49.266666667
12.922,21.49,8.5618,16.152,32.85,18.572,13.482,24.31,23.516,17.262,16.57,13.6,15.602,20.948,87.41,36.776,88.42,35.082
11.624,16.104,61.866,12.2845,16.9,14.858,12.162,24.51,30.072,18.478,13.784,18.616,11.456,15.074,62.04,36.326,65.604,40.476
21.571666667,23,15.052,14.35,22.2551666666667,18.588,11.29,24.902,46.194,16.402,13.448,23.498,14.212,14.336,60.48,19.92,66.462,27.69
15.4675,13.923333333,12.2744,30.825,27.6103333333333,22.642,14.088333333,23.242,21.288,17.766,15.92,22.23,14.252,15.5,57.876,21.5475,65.62,31.432
12.108,34.083333333,43.504,42.794,32.9655,19.742,16.6875,32.15,20.838,12.954,15.046,14.662,13.946,33.096,59.3675,26.815,56.9633333335,52.236
14.082,12.986,56.372,27.3,40.14,16.282,11.407,39.88,21.446,13.328,22.474,14.938,17.826,36.644,64.096,20.0025,48.306666667,34.664
17.85,21.695,57.48,39.788,37.115,14.516,11.115,28.145,19.406,13.412,38.194,18.628,19.342,18.504,58.155,19.574,67.344,35.672
12.104,13.74,26.926,73.06,24.528333333,18.928,11.0525,23.784,19.798,13.856,33.564,17.24,21.678,14.094,34.418,30.262,95.902,28.522
11.594,19.738,48.076,20.32,14.236666667,21.126,12.628,23.376,34.032,16.154,24.672,16.98,19.53,15.586,48.68,25.016,77.36,25.816
17.832,35.396,18.028,22.345,18.873333333,15.036,10.0302,24.692,24.19,29.25,23.794,18.13,21.678,18.62,52.856,23.715,104.622,27.542
15.2616,14.41,19.654,37.3025,40.47,21.234,13.322,29.328,24.116,12.113333333,20.484,33.464,34.048,11.778,43.76,33.354,118.216,29.248
12.67,13.878,18.626,52.26,31.235,17.976,12.522,26.13,61.004,11.2225,20.99,17.598,27.234,12.788,46.24,50.838,90.812,22.063333333
13.514,21.994,23.836,50.99,21.37,24.8375,13.07,24.94,51.792,12.7182,13.984,18.56,18.468,13.112,49.87,31.8,56.518,25.91
11.868333333,28.8,21.748,15.64,43.27,23.184,10.576,22.466,33.266,13.422,13.076,16.432,21.1,17.054,49.476,22.218,57.182,18.435
11.285,18.24,25.162,28.955,36.23,17.45,10.858,22.9,19.492,11.066,12.586,17.67,17.298,17.828,56.495,19.726666667,48.674,10.96
20.936,11.89,25.434,47.5975,57.905,23.638,11.668,23.1,25.652,13.138,11.126,14.88,17.844,12.576,43.9475,18.655,33.456,21.01
11.004,11.134,17.6,44.51,16.05,19.12,14.4944,26.75,25.502,12.608,31.85,23.672,21.256,14.448,52.862,25.55,32.546,32.053333333
11.414,17.35,17.016,35.125,26.55,19.638,14.6582,24.35,25.26,19.256,26.474,19.446,20.184,13.542,59.484,18.92,34.97,24.08
11.0394,15.614,22.058,25.066666667,24.4,18.478,12.976,21.374,43.614,14.014,34.982,15.894,14.13,13.45,45.21,34.58,45.306,13.785
13.8875,11.9475,17.71,20.88,21.633333333,21.524,10.888,28.148,25.002,12.292,30.824,15.19,18.728,22.082,38.336,25.3575,39.138,13.785
