396,287.79,385.23,282.74,243.02,220.28,173.65,191.16,322.65,268.6,232.45,229.6,226.87,226.59,242.29,292.84,250.68,240.41,248.47,311.26,239.65,275.35
266.19,304.31,302.46,292.47,257.79,217.26,224.49,312.22,315.31,357.67,334.77,294.98,306.59,307.2,331,300.36,271.34,282.03,228.32,282.57,245.67,245.36
305.53,328.53,231.03,197.6,201.5,209.23,204.86,206,207.5,210,267.19,219.43,264.91,229.59,247.32,229.8,208.83,221.83,225.28,214.32,272.15,206.91
314.12,299.7,279.18,201.55,206.15,235.01,317.74,365.04,367.32,405.99,429.53,397.72,450.47,434.24,474.76,444.72,427.6,415.06,419.37,435.33,408.5,389.26
88.355,98.08,147.64,182.02,178.95,174.37,179.3,185.64,213.47,191.3,193.02,182.23,176.97,334.37,380.31,180.76,178.99,127.342,133.77,156.47,127.349,144.09
202.702,272.47,227.49,274.86,263.57,297.73,241.01,217,245.37,347.66,343.74,338.91,382.84,290.4,243.11,244.84,223.72,219.83,226.28,207.57,276.05,260.06
186.31,195.5,178.08,160.88,200.8,226.33,262.62,267.75,247.75,167.64,140.79,165.1,176.45,191.12,227.73,247.88,247.79,226.79,228.1,223.65,217.26,178.69
158.2,184.64081,236.22,200.92,239.2,262.28,358.82857,299.19,282.88,261.84,177.68,269.07,263.56,335.63,373.67,308.21,310.47,298.84,253.64,212.8,220.8,234.36667
340.72,349.82,265.49,185.18,220.7,234.74,230.94,234.28,279.14,388.07,363.28,369.43,373.95,370.46,366.24,399.84,389.81,389.94,567.45,505.12,204.63,209.46
351.819,483.34,437.76,176.71,254.14,10.44,395.62,249.13,226.7,230.96667,250.46667,253.33333,360.575,231.95,252.9,251,361.04444,303.6,319.83,320.68,279.95,252.28
236.92,207.422,134.56667,238.975,193.26667,196.54164,174.45631,164.375,145.42,186.0125,145.3,168.78,171.05,162.74,175.03,182.41,185.4,184.48,156.654,228.56,391.09,179.55
272.776,235.6,246.459,269.82,210.95,142.8,252.75,196.45,185.61,377.68,253.53,275.59,174.315,223.88,230.9,219.2,220.28333,196.645,368.5,323.47143,282.36667,150.45
150.392,151.245,192.6,128.24,143.59,145.31,147.58,156.66,169.58,184.11,194.04,236.89,170.31,189.54,151.23,182.43,175.68,178.09,158.29,135.66,180.47,187.12
159.06,222.51,165.71,84.922,75.185,79.915,114.405,101.482,169.764,198.225,112.501,223.047,187.874,107.821,144.68,205.446,111.954,133.373,135.05,138.99,132.59,133.16
288.45,212.11,141.79,154.88,167.05,174.92,160.71,174,145.34,175.31,170.65,185.04,168.74,185.28,156.86,145.45,173.35,158.77,169.04,157.21,157.93,156.41
153.776,89.654,93.148,75.108,75.748,74.678,67.065,87.55,69.865,81.529,69.41,87.873,80.756,75.493,67.672,83.935,84.455,74.86,110.93556,118.64,89.88,78.599
218.89,121.1,127.2,115.16,109.258,108.697,122.01,115.36,118.81,143.31,139.11,155.65,137.43,154.42,169.17,181.8,175.29,189.57,161.97778,158.74,154.05,168.37
219,95.458,112.91,107.469,129.182,130.39,130.85,148.51,127.94,162.69,116.42,132.83,121.025,151.442,92.428,113.467,117.41,128.52,129.438,103.347,107.348,100.467
368.94,268.58,180.8125,266.97143,301.475,312.775,346.88333,329.32,340.03,290.21,436.01667,383.37,335.64,276.46,313.35,312.85,283.85,280.08,277.35556,306.81,344.27,345.79
308.31,249.58,376.02,218.89,196.91,259.26,221.53,234.49,322.7,194.25,220.85,264.84,262.26,267.55,294.45,307.94,302.22,205.76,240.61,768.45,852.33,874.62
228.26,264.27,256.55,184.03,168.93,156.82,161.91,188.56,175.11,180.17,181.33,174.22,180,180.93,156.46,174.04,163.37,157.61,165.42,163.08,165.73,163.59
214.18,202.95,284.65,200.45,202.01,177.28,193.46,194.27,215.36,215.05,192.76,205.27,179.13,193.67,211.51,197.92,189.58,197.92,195.09,209.6,188.11,202.95
211.91,268.52,218.52,195.7,241.81,245.65,250.57,257.59,290.64,298.23,304.87,315.19,312.99,324.76,287.2,328.31,447.38,489.7,406.03,423.6,400.24,428.35
250.06,313.86,355.62,375.33,284.58,376.12,352.75,341.62,320.16,362.47,383.44,403.43,383.07,476.49,414.45,344.48,301.09,291.24,318.21,284.64,298.98,296.89
196.92,322.54,342.72,352.21,486.15,279.17,330.3,460.1,287.08,327.71,338.3,501.86,527.63,439.86,399.33,390.07,291.38,317.08,373.04,369.64,358.57,287.5
276.21,320.22,420.95,288.49,210.24,189.64,193.69,194.86,193.43,186.05,182.19,206.1,217.28,286.71,277.64,233.06,199.77,201.94,197.09,193.53,194.4,189.65
433.563,392.26,344.36,366.84,169.87,261.47,328.35,372.01,387.52,459,431.43,457.48,440.08,389.91,366.03,395.68,395.83,368.49,299.62,296.23,292.79,319.28
227.99,217.16,299.96,219.44,366.58,216.73,228.38,211.52,211.3,216.07,198.78,232.27,237.07,259.35,252.2,323.46,263.94,230.52,307.15,276.72,215.01,226.65
411,311.22,166.24,246.29,124.14,121.986,181.35,191.49,167.62,161.98,162.656,242.19,201.67,173.81,136.49,138.91,144.908,146.26,154.64,165.89,157.1,152.55
416.82,334.58,259.73,375.49,329.35,315.17,297.01,305.61,591.5,298.72,470.4,318.9,335.92,298.02,294.27,261.3,310.16,290.64,312.44,351.37,426.46,245.93
356.27,301.82,215.38,234.62,295.63,300.99,453.38,415.46,369.63333,378.35,268.52,281.29,240.89,359.15,450.14,437.44,396.33,345.52,310.38,322.92,347.08,338.7
196.2702,315.41,360.66,365.02,375.37,406.31,378.93,203.66,304.15,307.71,278.44,266.58,332.74,382.27,263.93,276.57,261.25,294.65,261.93,243.37,261.76,250.07
351.4,257.83,330.88,548.21,665.98,643.46,646.23,610.98,613.59,531.2,519.75,601.72,548.03,576.07,580.56,549.22,596.62,547.46,548.57,542.94,512.05,578.64
421.85,351.7,322.36,290.43,303.24,346.45,353.36,313.42,294.15,338.62,260.46,309.25,249.72,265.36,276.36,282.76,292.23,304.38,275.64,253.77,260.26,288.85
343.56,266.61,228.04,295.28,221.28,124.79,133.7,144.07,211.67,139.98,139.04,165.74,235.59,272.19,229.06,147.77,150.06,178.97,137.98889,138.85,142.34,129.5
284.08,188.79,158.9,188.19,197.18,211.02,219.91,173.11,104.585,138.909,187.68,122.328,93.123,96.064,106.39,102.286,85.428,89.427,90.64667,89.504,83.7,127.238
236.36,267.21,213.06,206.03,154.02,122.544,131.81,108.953,201.535,141.846,123.986,118.996,126.94,135.562,135.71,128.33,183.642,249.28,194.1,135.37,125.94,183.16
253.3,204.65,219.88,242.82,270.12,257.92,204.81,327,277.56,234.12,237.98,223.69,238.15,215.05,193.84,199.1,220.2,212.86,202.44444,206.36,203.12,162.66
442.11,332.12,321.65,421.45,296.5,281.37,274.76,270.37,291.04,299.54,255.4,250.1,214.35,213.66,242.09,234.67,212.47,253.47,273.33,250.09,242.11,258.7
525.33,525.29,525.87,486.58688,486.52564,397.42,545.08,407.81055,336.89211,271.06,370.12,476.03,477.3,329.57,378.5,387.88,383.5,419.54,324.76,370.77,243.49,247.296
809.725,559.94,428.04,548.9,517.66667,317.95,533,886.925,792.64129,625,889.1,761.85,571.5,420.3,861.375,926.3,614.64286,551.74,537.25,401.45,513.5,474.65673
781.73,733.63,692,803.38,445.39,339.68,293.28,291.49,273.69,274.7,249.21,234.44,228.72,197.87,250.61,464.1,445.25,549.73,369.94,304.49,210.11,159.98
326.55,323.8,407.19,338.38,330.41,276.71,392.94,761.38,522.69,520.28,440.16,505.26,429.96,411.24,555.96,426.89,454.16,372.87,454.66,438.41,373.18,367.17
765.55,696.87,662.9,762.79,765,800.26,786.78,809.71,786.56,740.14,696.85,760.97,594.66,700.9525,789.54,782.63,798.18,819.57,830.1,770.87,721.23,704.9
572.51,717.86,557.51,517.72,410.34,454.1,351.11,296.43,350.71,253.23,301.5,367.09,282.13,349.52,356.81,299.28,260.58,252.55,247.76,213.57,319.38,455.67
620.97,436.51,376.59,306.18,380.31,378.33,347.42,297.9,220.19,274.75,210.13,401.01,588.78,613.75,754.31,376.86,311.77,193.57,193.14,161.45,188.14,242.83
250,264.85,236.28,191.49,198.7,186.05,148.81,174.88,152.8,185.47,195.7,198.64,205.5,475.31421,745.9,745.9,817.44896,745.9,745.9,437.75556,219.56,214.77
535.813,361.44,281.04,266.15,259.26,389.79,523.54,257.66,213.13,188.36,195.74,178,180.27,221.01,198.56,241.16,549.87,616.98,430.8,262.09,221.91,197.95
235.71,211.76,262.94,233.565,197.94,177.52,208.22,78.883,90.507,94.289,129.436,93.358,133.773,162.129,142.306,114.08,115.716,136.362,158.371,119.1,176.383,100.164
325.45,235.94,312.98,232.083,271.63,218.54,313.61,134.41,349.37,131.103,149.71,137.07,159.38,261.49,287.83,167.42,158.28,154.67,193.75,165.97,211.76,161.03
421.09,328.38,235.47,353.27,347.1,291.39,119.35,115.282,133.698,126.847,153.89,119.733,198.236,161.42,215.4,104.853,121.093,119.267,332.73,235.01,144.35,161.33
509.03,411.87,186.33,162.79,208.8,149.26,135.11,329.96,214.43,228.83,345.06,188.85,178.61,269.61,200.76,249.07,181.77,258.85,303.01,179.32,270.08,495.7
570.42,447.05,243.07,221.72,261.32,229.57,226,281.06,245.73,305.65,236.84,240.32,202.92,243.88,240.47,203.86,401.78,370.47,215.04444,240.29,227.17,233.14
264.38,114.89,179.24,166.16,158.41,180.23,176.7,164.78,190.18,179.83,186.73,238.29,282.78,414.6,328.1,182.32,145.25,148.47,172.18889,216.93,157.29,159.4
338.08,222.14,200.587,74.425,93.83,83.353,70.516,82.842,80.346,101.795,101.33,91.676,93.437,111.679,81.74,87.339,88.645,127.63,211.685,122.239,67.513,63.886
225.29,152.078,65.218,71.024,98.777,74.193,82.119,77.294,124.177,136.466,116.688,63.118,71.861,277.459,356.12,387.25,326.3,213.11,183.01444,86.581,83.322,101.068
286.08,234.65,227.55,234.27,201.75,209.5,170.99,157.49,159.71,150.8,166.41,174.6,170.57,136.42,143.46,147.38,115.81,234.48,240.74,180.55,248.87,178.23
1040.49,998.72,572.33,381.84,302.37,376.3,381.87,357.61,275.19,302.94,301.64,323.12,372.93,338.13,284.07,315.08,309.69,305.47,383.32,323.49,318.3,369.77
858.35,812.75,564.73,498.3,486.85,269.73,528.54,526.75,710.6,266.47,287.72,273.7,290.4,287.78,276.68,322.16,311.8,331.33,285.35,306.07,293.77,322.51
523.45,452.44,440.59,776.79,869.02,572.99,630.03,758.12,713.33,1095.65,1108.02,1033.32,1275.7,1268,1260.16,1118.72,1082.67,1107.4,1173.8,1022.53,1096.85,1321.2
317.02,210.36,147.51,147.94,136.24,139.71,147.91,188.15,150.25,158.12,151.46,157.54,166.41,190.41,166.49,175.95,157.93,144.06,146.58,159.56,162.05,154.46
368.05714,369.1,378.62,556.31,544.15,582.43,319.64286,457.41429,259.1,442.16667,276.7,395.575,643.5,343.12,342.73333,327.7,1165,466.26,503.01,653.475,458.93333,701.9
274.68,237.34,222.62,199.83,206.27,225.49,223.2,220.33,221.15,522.75,792.1,538.1,243.4,226.9,293.68,239.33,213.96667,230.65,245.26667,284.58,352.96667,265.8
237.48,196.59,241.61,183.31,192.83,187.74,177.74,185.93,181.94,176.53,182.5,185.63,181.4,206.68,194.98,212.61,212.12,208.68,225.33,228.57,185.01,191.13
318.71,262.09,231.05,194.853,132.092,216.276,157.334,280.66,212.8,144.091,101.589,117.723,123.401,123.78,130.6,128.682,134.37,252.96,201.984,179.488,113.949,204.899
303.17,296.83,285.03,275.01,304.15,238.51,274.48,157.15,162.48,163.23,161.63,173.21,177.55,163.27,148.85,170.23,174.46,202.97,175.08,177.23,170.46,330.63
175.65,149.63,129.423,175.26,195.75,155.56,106.415,100.165,110.665,60.221,69.43,73.52,82.55,77.521,70.689,101.301,61.675,76.915,87.11,70.654,92.378,82.095
235.6,262.082,359.85,347.19,329.92,375.25,435.37,400.04,369.35,352.36,393.47,360.32,368.09,356.95,386.06,397,407.09,389.99,376.13,380.36,424.31,447.87
402.15,144.686,299.47,250.484,99.291,82.213,82.586,131.384,86.272,98.1,100.036,121.147,90.679,87.526,107.546,98.958,88.199,101.625,96.793,94.764,95.036,166.511
315.67,296.28,282.11,179.158,142.1,133.24,120.21,121.06,130.72,148.78,125.614,123.5,181.3,134.21,166.11,175.97,134.51,172.62,299.67778,224.03,112.76,118.313
225.11,139.82,152.48,152.33,161.43,168.88,172.14,221.87,262.98,229.87,236.63,347.99,516.48,432.49,495.98,417.01,332.23,143.08,130.6,154.68,153.34,153.52
304.2,379.15,229.44,366.39,339.55,263.2,243.66,175.51,157.31,131.41,140.18,163.09,126.58,127.12,148.03,205.1,139.14,131.46,197.85,309.97,419.18,439.19
221.43,216.24,189.18,238.87,217.85,144.13,152.06,154.07,169.51,210.22,197.84,224.69,203.88,196.7,243.13,231.71,258.86,332.02,237.1,196.62,250.86,143.95
