41.8,41.8,41.8,41.8,41.8,41.8,41.8,41.8,41.8,41.8,41.8,41.8,41.8,41.8,41.8,41.8,41.8,41.8,41.8,41.8,41.8,41.8,41.8,41.8,41.8,41.8,41.8,41.8,41.8,41.8,41.8,41.8,41.8,41.8,41.8,41.8
48.8,48.8,48.8,48.8,48.8,48.8,48.8,48.8,48.8,48.8,48.8,48.8,48.8,48.8,48.8,48.8,48.8,48.8,48.8,48.8,48.8,48.8,48.8,48.8,48.8,48.8,48.8,48.8,48.8,48.8,48.8,48.8,48.8,48.8,48.8,48.8
55.4,55.4,55.4,55.4,55.4,55.4,55.4,55.4,55.4,55.4,55.4,55.4,55.4,55.4,55.4,55.4,55.4,55.4,55.4,55.4,55.4,55.4,55.4,55.4,55.4,55.4,55.4,55.4,55.4,55.4,55.4,55.4,55.4,55.4,55.4,55.4
55.4,55.4,55.4,55.4,55.4,55.4,55.4,55.4,55.4,55.4,55.4,55.4,55.4,55.4,55.4,55.4,55.4,55.4,55.4,55.4,55.4,55.4,55.4,55.4,55.4,55.4,55.4,55.4,55.4,55.4,55.4,55.4,55.4,55.4,55.4,55.4
66.4,66.4,66.4,66.4,66.4,66.4,66.4,66.4,66.4,66.4,66.4,66.4,66.4,66.4,66.4,66.4,66.4,66.4,66.4,66.4,66.4,66.4,66.4,66.4,66.4,66.4,66.4,66.4,66.4,66.4,66.4,66.4,66.4,66.4,66.4,66.4
68.2,68.2,68.2,68.2,68.2,68.2,68.2,68.2,68.2,68.2,68.2,68.2,68.2,68.2,68.2,68.2,68.2,68.2,68.2,68.2,68.2,68.2,68.2,68.2,68.2,68.2,68.2,68.2,68.2,68.2,68.2,68.2,68.2,68.2,68.2,68.2
66.6,66.6,66.6,66.6,66.6,66.6,66.6,66.6,66.6,66.6,66.6,66.6,66.6,66.6,66.6,66.6,66.6,66.6,66.6,66.6,66.6,66.6,66.6,66.6,66.6,66.6,66.6,66.6,66.6,66.6,66.6,66.6,66.6,66.6,66.6,66.6
61.2,61.2,61.2,61.2,61.2,61.2,61.2,61.2,61.2,61.2,61.2,61.2,61.2,61.2,61.2,61.2,61.2,61.2,61.2,61.2,61.2,61.2,61.2,61.2,61.2,61.2,61.2,61.2,61.2,61.2,61.2,61.2,61.2,61.2,61.2,61.2
51.4,51.4,51.4,51.4,51.4,51.4,51.4,51.4,51.4,51.4,51.4,51.4,51.4,51.4,51.4,51.4,51.4,51.4,51.4,51.4,51.4,51.4,51.4,51.4,51.4,51.4,51.4,51.4,51.4,51.4,51.4,51.4,51.4,51.4,51.4,51.4
40.4,40.4,40.4,40.4,40.4,40.4,40.4,40.4,40.4,40.4,40.4,40.4,40.4,40.4,40.4,40.4,40.4,40.4,40.4,40.4,40.4,40.4,40.4,40.4,40.4,40.4,40.4,40.4,40.4,40.4,40.4,40.4,40.4,40.4,40.4,40.4
40.4,40.4,40.4,40.4,40.4,40.4,40.4,40.4,40.4,40.4,40.4,40.4,40.4,40.4,40.4,40.4,40.4,40.4,40.4,40.4,40.4,40.4,40.4,40.4,40.4,40.4,40.4,40.4,40.4,40.4,40.4,40.4,40.4,40.4,40.4,40.4
34.8,34.8,34.8,34.8,34.8,34.8,34.8,34.8,34.8,34.8,34.8,34.8,34.8,34.8,34.8,34.8,34.8,34.8,34.8,34.8,34.8,34.8,34.8,34.8,34.8,34.8,34.8,34.8,34.8,34.8,34.8,34.8,34.8,34.8,34.8,34.8
30,30,30,30,30,30,30,30,30,30,30,30,30,30,30,30,30,30,30,30,30,30,30,30,30,30,30,30,30,30,30,30,30,30,30,30
30.2,30.2,30.2,30.2,30.2,30.2,30.2,30.2,30.2,30.2,30.2,30.2,30.2,30.2,30.2,30.2,30.2,30.2,30.2,30.2,30.2,30.2,30.2,30.2,30.2,30.2,30.2,30.2,30.2,30.2,30.2,30.2,30.2,30.2,30.2,30.2
25.4,25.4,25.4,25.4,25.4,25.4,25.4,25.4,25.4,25.4,25.4,25.4,25.4,25.4,25.4,25.4,25.4,25.4,25.4,25.4,25.4,25.4,25.4,25.4,25.4,25.4,25.4,25.4,25.4,25.4,25.4,25.4,25.4,25.4,25.4,25.4
20.8,20.8,20.8,20.8,20.8,20.8,20.8,20.8,20.8,20.8,20.8,20.8,20.8,20.8,20.8,20.8,20.8,20.8,20.8,20.8,20.8,20.8,20.8,20.8,20.8,20.8,20.8,20.8,20.8,20.8,20.8,20.8,20.8,20.8,20.8,20.8
22.8,22.8,22.8,22.8,22.8,22.8,22.8,22.8,22.8,22.8,22.8,22.8,22.8,22.8,22.8,22.8,22.8,22.8,22.8,22.8,22.8,22.8,22.8,22.8,22.8,22.8,22.8,22.8,22.8,22.8,22.8,22.8,22.8,22.8,22.8,22.8
30.2,30.2,30.2,30.2,30.2,30.2,30.2,30.2,30.2,30.2,30.2,30.2,30.2,30.2,30.2,30.2,30.2,30.2,30.2,30.2,30.2,30.2,30.2,30.2,30.2,30.2,30.2,30.2,30.2,30.2,30.2,30.2,30.2,30.2,30.2,30.2
38.6,38.6,38.6,38.6,38.6,38.6,38.6,38.6,38.6,38.6,38.6,38.6,38.6,38.6,38.6,38.6,38.6,38.6,38.6,38.6,38.6,38.6,38.6,38.6,38.6,38.6,38.6,38.6,38.6,38.6,38.6,38.6,38.6,38.6,38.6,38.6
54.6,54.6,54.6,54.6,54.6,54.6,54.6,54.6,54.6,54.6,54.6,54.6,54.6,54.6,54.6,54.6,54.6,54.6,54.6,54.6,54.6,54.6,54.6,54.6,54.6,54.6,54.6,54.6,54.6,54.6,54.6,54.6,54.6,54.6,54.6,54.6
75.2,75.2,75.2,75.2,75.2,75.2,75.2,75.2,75.2,75.2,75.2,75.2,75.2,75.2,75.2,75.2,75.2,75.2,75.2,75.2,75.2,75.2,75.2,75.2,75.2,75.2,75.2,75.2,75.2,75.2,75.2,75.2,75.2,75.2,75.2,75.2
82.4,82.4,82.4,82.4,82.4,82.4,82.4,82.4,82.4,82.4,82.4,82.4,82.4,82.4,82.4,82.4,82.4,82.4,82.4,82.4,82.4,82.4,82.4,82.4,82.4,82.4,82.4,82.4,82.4,82.4,82.4,82.4,82.4,82.4,82.4,82.4
85.4,85.4,85.4,85.4,85.4,85.4,85.4,85.4,85.4,85.4,85.4,85.4,85.4,85.4,85.4,85.4,85.4,85.4,85.4,85.4,85.4,85.4,85.4,85.4,85.4,85.4,85.4,85.4,85.4,85.4,85.4,85.4,85.4,85.4,85.4,85.4
79,79,79,79,79,79,79,79,79,79,79,79,79,79,79,79,79,79,79,79,79,79,79,79,79,79,79,79,79,79,79,79,79,79,79,79
70.2,70.2,70.2,70.2,70.2,70.2,70.2,70.2,70.2,70.2,70.2,70.2,70.2,70.2,70.2,70.2,70.2,70.2,70.2,70.2,70.2,70.2,70.2,70.2,70.2,70.2,70.2,70.2,70.2,70.2,70.2,70.2,70.2,70.2,70.2,70.2
67.8,67.8,67.8,67.8,67.8,67.8,67.8,67.8,67.8,67.8,67.8,67.8,67.8,67.8,67.8,67.8,67.8,67.8,67.8,67.8,67.8,67.8,67.8,67.8,67.8,67.8,67.8,67.8,67.8,67.8,67.8,67.8,67.8,67.8,67.8,67.8
83.8,83.8,83.8,83.8,83.8,83.8,83.8,83.8,83.8,83.8,83.8,83.8,83.8,83.8,83.8,83.8,83.8,83.8,83.8,83.8,83.8,83.8,83.8,83.8,83.8,83.8,83.8,83.8,83.8,83.8,83.8,83.8,83.8,83.8,83.8,83.8
104.2,104.2,104.2,104.2,104.2,104.2,104.2,104.2,104.2,104.2,104.2,104.2,104.2,104.2,104.2,104.2,104.2,104.2,104.2,104.2,104.2,104.2,104.2,104.2,104.2,104.2,104.2,104.2,104.2,104.2,104.2,104.2,104.2,104.2,104.2,104.2
142.8,142.8,142.8,142.8,142.8,142.8,142.8,142.8,142.8,142.8,142.8,142.8,142.8,142.8,142.8,142.8,142.8,142.8,142.8,142.8,142.8,142.8,142.8,142.8,142.8,142.8,142.8,142.8,142.8,142.8,142.8,142.8,142.8,142.8,142.8,142.8
180.8,180.8,180.8,180.8,180.8,180.8,180.8,180.8,180.8,180.8,180.8,180.8,180.8,180.8,180.8,180.8,180.8,180.8,180.8,180.8,180.8,180.8,180.8,180.8,180.8,180.8,180.8,180.8,180.8,180.8,180.8,180.8,180.8,180.8,180.8,180.8
208.6,208.6,208.6,208.6,208.6,208.6,208.6,208.6,208.6,208.6,208.6,208.6,208.6,208.6,208.6,208.6,208.6,208.6,208.6,208.6,208.6,208.6,208.6,208.6,208.6,208.6,208.6,208.6,208.6,208.6,208.6,208.6,208.6,208.6,208.6,208.6
182.8,182.8,182.8,182.8,182.8,182.8,182.8,182.8,182.8,182.8,182.8,182.8,182.8,182.8,182.8,182.8,182.8,182.8,182.8,182.8,182.8,182.8,182.8,182.8,182.8,182.8,182.8,182.8,182.8,182.8,182.8,182.8,182.8,182.8,182.8,182.8
166.8,166.8,166.8,166.8,166.8,166.8,166.8,166.8,166.8,166.8,166.8,166.8,166.8,166.8,166.8,166.8,166.8,166.8,166.8,166.8,166.8,166.8,166.8,166.8,166.8,166.8,166.8,166.8,166.8,166.8,166.8,166.8,166.8,166.8,166.8,166.8
141.2,141.2,141.2,141.2,141.2,141.2,141.2,141.2,141.2,141.2,141.2,141.2,141.2,141.2,141.2,141.2,141.2,141.2,141.2,141.2,141.2,141.2,141.2,141.2,141.2,141.2,141.2,141.2,141.2,141.2,141.2,141.2,141.2,141.2,141.2,141.2
115.6,115.6,115.6,115.6,115.6,115.6,115.6,115.6,115.6,115.6,115.6,115.6,115.6,115.6,115.6,115.6,115.6,115.6,115.6,115.6,115.6,115.6,115.6,115.6,115.6,115.6,115.6,115.6,115.6,115.6,115.6,115.6,115.6,115.6,115.6,115.6
96,96,96,96,96,96,96,96,96,96,96,96,96,96,96,96,96,96,96,96,96,96,96,96,96,96,96,96,96,96,96,96,96,96,96,96
126.8,126.8,126.8,126.8,126.8,126.8,126.8,126.8,126.8,126.8,126.8,126.8,126.8,126.8,126.8,126.8,126.8,126.8,126.8,126.8,126.8,126.8,126.8,126.8,126.8,126.8,126.8,126.8,126.8,126.8,126.8,126.8,126.8,126.8,126.8,126.8
137.8,137.8,137.8,137.8,137.8,137.8,137.8,137.8,137.8,137.8,137.8,137.8,137.8,137.8,137.8,137.8,137.8,137.8,137.8,137.8,137.8,137.8,137.8,137.8,137.8,137.8,137.8,137.8,137.8,137.8,137.8,137.8,137.8,137.8,137.8,137.8
136.8,136.8,136.8,136.8,136.8,136.8,136.8,136.8,136.8,136.8,136.8,136.8,136.8,136.8,136.8,136.8,136.8,136.8,136.8,136.8,136.8,136.8,136.8,136.8,136.8,136.8,136.8,136.8,136.8,136.8,136.8,136.8,136.8,136.8,136.8,136.8
120.6,120.6,120.6,120.6,120.6,120.6,120.6,120.6,120.6,120.6,120.6,120.6,120.6,120.6,120.6,120.6,120.6,120.6,120.6,120.6,120.6,120.6,120.6,120.6,120.6,120.6,120.6,120.6,120.6,120.6,120.6,120.6,120.6,120.6,120.6,120.6
92.2,92.2,92.2,92.2,92.2,92.2,92.2,92.2,92.2,92.2,92.2,92.2,92.2,92.2,92.2,92.2,92.2,92.2,92.2,92.2,92.2,92.2,92.2,92.2,92.2,92.2,92.2,92.2,92.2,92.2,92.2,92.2,92.2,92.2,92.2,92.2
64.2,64.2,64.2,64.2,64.2,64.2,64.2,64.2,64.2,64.2,64.2,64.2,64.2,64.2,64.2,64.2,64.2,64.2,64.2,64.2,64.2,64.2,64.2,64.2,64.2,64.2,64.2,64.2,64.2,64.2,64.2,64.2,64.2,64.2,64.2,64.2
54.2,54.2,54.2,54.2,54.2,54.2,54.2,54.2,54.2,54.2,54.2,54.2,54.2,54.2,54.2,54.2,54.2,54.2,54.2,54.2,54.2,54.2,54.2,54.2,54.2,54.2,54.2,54.2,54.2,54.2,54.2,54.2,54.2,54.2,54.2,54.2
60.2,60.2,60.2,60.2,60.2,60.2,60.2,60.2,60.2,60.2,60.2,60.2,60.2,60.2,60.2,60.2,60.2,60.2,60.2,60.2,60.2,60.2,60.2,60.2,60.2,60.2,60.2,60.2,60.2,60.2,60.2,60.2,60.2,60.2,60.2,60.2
64.6,64.6,64.6,64.6,64.6,64.6,64.6,64.6,64.6,64.6,64.6,64.6,64.6,64.6,64.6,64.6,64.6,64.6,64.6,64.6,64.6,64.6,64.6,64.6,64.6,64.6,64.6,64.6,64.6,64.6,64.6,64.6,64.6,64.6,64.6,64.6
75.2,75.2,75.2,75.2,75.2,75.2,75.2,75.2,75.2,75.2,75.2,75.2,75.2,75.2,75.2,75.2,75.2,75.2,75.2,75.2,75.2,75.2,75.2,75.2,75.2,75.2,75.2,75.2,75.2,75.2,75.2,75.2,75.2,75.2,75.2,75.2
75.6,75.6,75.6,75.6,75.6,75.6,75.6,75.6,75.6,75.6,75.6,75.6,75.6,75.6,75.6,75.6,75.6,75.6,75.6,75.6,75.6,75.6,75.6,75.6,75.6,75.6,75.6,75.6,75.6,75.6,75.6,75.6,75.6,75.6,75.6,75.6
74.4,74.4,74.4,74.4,74.4,74.4,74.4,74.4,74.4,74.4,74.4,74.4,74.4,74.4,74.4,74.4,74.4,74.4,74.4,74.4,74.4,74.4,74.4,74.4,74.4,74.4,74.4,74.4,74.4,74.4,74.4,74.4,74.4,74.4,74.4,74.4
69.4,69.4,69.4,69.4,69.4,69.4,69.4,69.4,69.4,69.4,69.4,69.4,69.4,69.4,69.4,69.4,69.4,69.4,69.4,69.4,69.4,69.4,69.4,69.4,69.4,69.4,69.4,69.4,69.4,69.4,69.4,69.4,69.4,69.4,69.4,69.4
79,79,79,79,79,79,79,79,79,79,79,79,79,79,79,79,79,79,79,79,79,79,79,79,79,79,79,79,79,79,79,79,79,79,79,79
85,85,85,85,85,85,85,85,85,85,85,85,85,85,85,85,85,85,85,85,85,85,85,85,85,85,85,85,85,85,85,85,85,85,85,85
96.2,96.2,96.2,96.2,96.2,96.2,96.2,96.2,96.2,96.2,96.2,96.2,96.2,96.2,96.2,96.2,96.2,96.2,96.2,96.2,96.2,96.2,96.2,96.2,96.2,96.2,96.2,96.2,96.2,96.2,96.2,96.2,96.2,96.2,96.2,96.2
107.4,107.4,107.4,107.4,107.4,107.4,107.4,107.4,107.4,107.4,107.4,107.4,107.4,107.4,107.4,107.4,107.4,107.4,107.4,107.4,107.4,107.4,107.4,107.4,107.4,107.4,107.4,107.4,107.4,107.4,107.4,107.4,107.4,107.4,107.4,107.4
103.4,103.4,103.4,103.4,103.4,103.4,103.4,103.4,103.4,103.4,103.4,103.4,103.4,103.4,103.4,103.4,103.4,103.4,103.4,103.4,103.4,103.4,103.4,103.4,103.4,103.4,103.4,103.4,103.4,103.4,103.4,103.4,103.4,103.4,103.4,103.4
92.2,92.2,92.2,92.2,92.2,92.2,92.2,92.2,92.2,92.2,92.2,92.2,92.2,92.2,92.2,92.2,92.2,92.2,92.2,92.2,92.2,92.2,92.2,92.2,92.2,92.2,92.2,92.2,92.2,92.2,92.2,92.2,92.2,92.2,92.2,92.2
94.6,94.6,94.6,94.6,94.6,94.6,94.6,94.6,94.6,94.6,94.6,94.6,94.6,94.6,94.6,94.6,94.6,94.6,94.6,94.6,94.6,94.6,94.6,94.6,94.6,94.6,94.6,94.6,94.6,94.6,94.6,94.6,94.6,94.6,94.6,94.6
105.2,105.2,105.2,105.2,105.2,105.2,105.2,105.2,105.2,105.2,105.2,105.2,105.2,105.2,105.2,105.2,105.2,105.2,105.2,105.2,105.2,105.2,105.2,105.2,105.2,105.2,105.2,105.2,105.2,105.2,105.2,105.2,105.2,105.2,105.2,105.2
108,108,108,108,108,108,108,108,108,108,108,108,108,108,108,108,108,108,108,108,108,108,108,108,108,108,108,108,108,108,108,108,108,108,108,108
121.8,121.8,121.8,121.8,121.8,121.8,121.8,121.8,121.8,121.8,121.8,121.8,121.8,121.8,121.8,121.8,121.8,121.8,121.8,121.8,121.8,121.8,121.8,121.8,121.8,121.8,121.8,121.8,121.8,121.8,121.8,121.8,121.8,121.8,121.8,121.8
139.8,139.8,139.8,139.8,139.8,139.8,139.8,139.8,139.8,139.8,139.8,139.8,139.8,139.8,139.8,139.8,139.8,139.8,139.8,139.8,139.8,139.8,139.8,139.8,139.8,139.8,139.8,139.8,139.8,139.8,139.8,139.8,139.8,139.8,139.8,139.8
146.6,146.6,146.6,146.6,146.6,146.6,146.6,146.6,146.6,146.6,146.6,146.6,146.6,146.6,146.6,146.6,146.6,146.6,146.6,146.6,146.6,146.6,146.6,146.6,146.6,146.6,146.6,146.6,146.6,146.6,146.6,146.6,146.6,146.6,146.6,146.6
144,144,144,144,144,144,144,144,144,144,144,144,144,144,144,144,144,144,144,144,144,144,144,144,144,144,144,144,144,144,144,144,144,144,144,144
151,151,151,151,151,151,151,151,151,151,151,151,151,151,151,151,151,151,151,151,151,151,151,151,151,151,151,151,151,151,151,151,151,151,151,151
159.2,159.2,159.2,159.2,159.2,159.2,159.2,159.2,159.2,159.2,159.2,159.2,159.2,159.2,159.2,159.2,159.2,159.2,159.2,159.2,159.2,159.2,159.2,159.2,159.2,159.2,159.2,159.2,159.2,159.2,159.2,159.2,159.2,159.2,159.2,159.2
171.2,171.2,171.2,171.2,171.2,171.2,171.2,171.2,171.2,171.2,171.2,171.2,171.2,171.2,171.2,171.2,171.2,171.2,171.2,171.2,171.2,171.2,171.2,171.2,171.2,171.2,171.2,171.2,171.2,171.2,171.2,171.2,171.2,171.2,171.2,171.2
177.8,177.8,177.8,177.8,177.8,177.8,177.8,177.8,177.8,177.8,177.8,177.8,177.8,177.8,177.8,177.8,177.8,177.8,177.8,177.8,177.8,177.8,177.8,177.8,177.8,177.8,177.8,177.8,177.8,177.8,177.8,177.8,177.8,177.8,177.8,177.8
181.8,181.8,181.8,181.8,181.8,181.8,181.8,181.8,181.8,181.8,181.8,181.8,181.8,181.8,181.8,181.8,181.8,181.8,181.8,181.8,181.8,181.8,181.8,181.8,181.8,181.8,181.8,181.8,181.8,181.8,181.8,181.8,181.8,181.8,181.8,181.8
173,173,173,173,173,173,173,173,173,173,173,173,173,173,173,173,173,173,173,173,173,173,173,173,173,173,173,173,173,173,173,173,173,173,173,173
158,158,158,158,158,158,158,158,158,158,158,158,158,158,158,158,158,158,158,158,158,158,158,158,158,158,158,158,158,158,158,158,158,158,158,158
130.8,130.8,130.8,130.8,130.8,130.8,130.8,130.8,130.8,130.8,130.8,130.8,130.8,130.8,130.8,130.8,130.8,130.8,130.8,130.8,130.8,130.8,130.8,130.8,130.8,130.8,130.8,130.8,130.8,130.8,130.8,130.8,130.8,130.8,130.8,130.8
114.4,114.4,114.4,114.4,114.4,114.4,114.4,114.4,114.4,114.4,114.4,114.4,114.4,114.4,114.4,114.4,114.4,114.4,114.4,114.4,114.4,114.4,114.4,114.4,114.4,114.4,114.4,114.4,114.4,114.4,114.4,114.4,114.4,114.4,114.4,114.4
94.4,94.4,94.4,94.4,94.4,94.4,94.4,94.4,94.4,94.4,94.4,94.4,94.4,94.4,94.4,94.4,94.4,94.4,94.4,94.4,94.4,94.4,94.4,94.4,94.4,94.4,94.4,94.4,94.4,94.4,94.4,94.4,94.4,94.4,94.4,94.4
72.4,72.4,72.4,72.4,72.4,72.4,72.4,72.4,72.4,72.4,72.4,72.4,72.4,72.4,72.4,72.4,72.4,72.4,72.4,72.4,72.4,72.4,72.4,72.4,72.4,72.4,72.4,72.4,72.4,72.4,72.4,72.4,72.4,72.4,72.4,72.4
54.6,54.6,54.6,54.6,54.6,54.6,54.6,54.6,54.6,54.6,54.6,54.6,54.6,54.6,54.6,54.6,54.6,54.6,54.6,54.6,54.6,54.6,54.6,54.6,54.6,54.6,54.6,54.6,54.6,54.6,54.6,54.6,54.6,54.6,54.6,54.6
49.4,49.4,49.4,49.4,49.4,49.4,49.4,49.4,49.4,49.4,49.4,49.4,49.4,49.4,49.4,49.4,49.4,49.4,49.4,49.4,49.4,49.4,49.4,49.4,49.4,49.4,49.4,49.4,49.4,49.4,49.4,49.4,49.4,49.4,49.4,49.4
39.2,39.2,39.2,39.2,39.2,39.2,39.2,39.2,39.2,39.2,39.2,39.2,39.2,39.2,39.2,39.2,39.2,39.2,39.2,39.2,39.2,39.2,39.2,39.2,39.2,39.2,39.2,39.2,39.2,39.2,39.2,39.2,39.2,39.2,39.2,39.2
39.6,39.6,39.6,39.6,39.6,39.6,39.6,39.6,39.6,39.6,39.6,39.6,39.6,39.6,39.6,39.6,39.6,39.6,39.6,39.6,39.6,39.6,39.6,39.6,39.6,39.6,39.6,39.6,39.6,39.6,39.6,39.6,39.6,39.6,39.6,39.6
44.8,44.8,44.8,44.8,44.8,44.8,44.8,44.8,44.8,44.8,44.8,44.8,44.8,44.8,44.8,44.8,44.8,44.8,44.8,44.8,44.8,44.8,44.8,44.8,44.8,44.8,44.8,44.8,44.8,44.8,44.8,44.8,44.8,44.8,44.8,44.8
50.8,50.8,50.8,50.8,50.8,50.8,50.8,50.8,50.8,50.8,50.8,50.8,50.8,50.8,50.8,50.8,50.8,50.8,50.8,50.8,50.8,50.8,50.8,50.8,50.8,50.8,50.8,50.8,50.8,50.8,50.8,50.8,50.8,50.8,50.8,50.8
54,54,54,54,54,54,54,54,54,54,54,54,54,54,54,54,54,54,54,54,54,54,54,54,54,54,54,54,54,54,54,54,54,54,54,54
52.6,52.6,52.6,52.6,52.6,52.6,52.6,52.6,52.6,52.6,52.6,52.6,52.6,52.6,52.6,52.6,52.6,52.6,52.6,52.6,52.6,52.6,52.6,52.6,52.6,52.6,52.6,52.6,52.6,52.6,52.6,52.6,52.6,52.6,52.6,52.6
47,47,47,47,47,47,47,47,47,47,47,47,47,47,47,47,47,47,47,47,47,47,47,47,47,47,47,47,47,47,47,47,47,47,47,47
44.6,44.6,44.6,44.6,44.6,44.6,44.6,44.6,44.6,44.6,44.6,44.6,44.6,44.6,44.6,44.6,44.6,44.6,44.6,44.6,44.6,44.6,44.6,44.6,44.6,44.6,44.6,44.6,44.6,44.6,44.6,44.6,44.6,44.6,44.6,44.6
41.6,41.6,41.6,41.6,41.6,41.6,41.6,41.6,41.6,41.6,41.6,41.6,41.6,41.6,41.6,41.6,41.6,41.6,41.6,41.6,41.6,41.6,41.6,41.6,41.6,41.6,41.6,41.6,41.6,41.6,41.6,41.6,41.6,41.6,41.6,41.6
36,36,36,36,36,36,36,36,36,36,36,36,36,36,36,36,36,36,36,36,36,36,36,36,36,36,36,36,36,36,36,36,36,36,36,36
30.8,30.8,30.8,30.8,30.8,30.8,30.8,30.8,30.8,30.8,30.8,30.8,30.8,30.8,30.8,30.8,30.8,30.8,30.8,30.8,30.8,30.8,30.8,30.8,30.8,30.8,30.8,30.8,30.8,30.8,30.8,30.8,30.8,30.8,30.8,30.8
25.2,25.2,25.2,25.2,25.2,25.2,25.2,25.2,25.2,25.2,25.2,25.2,25.2,25.2,25.2,25.2,25.2,25.2,25.2,25.2,25.2,25.2,25.2,25.2,25.2,25.2,25.2,25.2,25.2,25.2,25.2,25.2,25.2,25.2,25.2,25.2
17,17,17,17,17,17,17,17,17,17,17,17,17,17,17,17,17,17,17,17,17,17,17,17,17,17,17,17,17,17,17,17,17,17,17,17
13.6,13.6,13.6,13.6,13.6,13.6,13.6,13.6,13.6,13.6,13.6,13.6,13.6,13.6,13.6,13.6,13.6,13.6,13.6,13.6,13.6,13.6,13.6,13.6,13.6,13.6,13.6,13.6,13.6,13.6,13.6,13.6,13.6,13.6,13.6,13.6
13.4,13.4,13.4,13.4,13.4,13.4,13.4,13.4,13.4,13.4,13.4,13.4,13.4,13.4,13.4,13.4,13.4,13.4,13.4,13.4,13.4,13.4,13.4,13.4,13.4,13.4,13.4,13.4,13.4,13.4,13.4,13.4,13.4,13.4,13.4,13.4
16.6,16.6,16.6,16.6,16.6,16.6,16.6,16.6,16.6,16.6,16.6,16.6,16.6,16.6,16.6,16.6,16.6,16.6,16.6,16.6,16.6,16.6,16.6,16.6,16.6,16.6,16.6,16.6,16.6,16.6,16.6,16.6,16.6,16.6,16.6,16.6
20.8,20.8,20.8,20.8,20.8,20.8,20.8,20.8,20.8,20.8,20.8,20.8,20.8,20.8,20.8,20.8,20.8,20.8,20.8,20.8,20.8,20.8,20.8,20.8,20.8,20.8,20.8,20.8,20.8,20.8,20.8,20.8,20.8,20.8,20.8,20.8
24.4,24.4,24.4,24.4,24.4,24.4,24.4,24.4,24.4,24.4,24.4,24.4,24.4,24.4,24.4,24.4,24.4,24.4,24.4,24.4,24.4,24.4,24.4,24.4,24.4,24.4,24.4,24.4,24.4,24.4,24.4,24.4,24.4,24.4,24.4,24.4
26,26,26,26,26,26,26,26,26,26,26,26,26,26,26,26,26,26,26,26,26,26,26,26,26,26,26,26,26,26,26,26,26,26,26,26
25.8,25.8,25.8,25.8,25.8,25.8,25.8,25.8,25.8,25.8,25.8,25.8,25.8,25.8,25.8,25.8,25.8,25.8,25.8,25.8,25.8,25.8,25.8,25.8,25.8,25.8,25.8,25.8,25.8,25.8,25.8,25.8,25.8,25.8,25.8,25.8
24.4,24.4,24.4,24.4,24.4,24.4,24.4,24.4,24.4,24.4,24.4,24.4,24.4,24.4,24.4,24.4,24.4,24.4,24.4,24.4,24.4,24.4,24.4,24.4,24.4,24.4,24.4,24.4,24.4,24.4,24.4,24.4,24.4,24.4,24.4,24.4
23,23,23,23,23,23,23,23,23,23,23,23,23,23,23,23,23,23,23,23,23,23,23,23,23,23,23,23,23,23,23,23,23,23,23,23
21.8,21.8,21.8,21.8,21.8,21.8,21.8,21.8,21.8,21.8,21.8,21.8,21.8,21.8,21.8,21.8,21.8,21.8,21.8,21.8,21.8,21.8,21.8,21.8,21.8,21.8,21.8,21.8,21.8,21.8,21.8,21.8,21.8,21.8,21.8,21.8
22,22,22,22,22,22,22,22,22,22,22,22,22,22,22,22,22,22,22,22,22,22,22,22,22,22,22,22,22,22,22,22,22,22,22,22
21.2,21.2,21.2,21.2,21.2,21.2,21.2,21.2,21.2,21.2,21.2,21.2,21.2,21.2,21.2,21.2,21.2,21.2,21.2,21.2,21.2,21.2,21.2,21.2,21.2,21.2,21.2,21.2,21.2,21.2,21.2,21.2,21.2,21.2,21.2,21.2
